0 0 0 0 0 0 0 0
0 0 0 0 14080 8320 7296 -16384
0 0 0 0 -2816 10752 15232 16256
0 0 0 0 5888 6784 14720 -12928
0 0 0 0 -4032 -7232 7488 15040
0 0 0 0 7488 1408 7104 -13248
0 0 0 0 -5952 16352 6592 13376
0 0 0 0 13056 -10496 14656 2560
0 0 0 0 -4544 14432 16288 -2624
0 0 0 0 12032 3936 8160 -1152
0 0 0 0 -2880 15072 -9600 320
0 0 0 0 1216 0 15200 3872
0 0 0 0 8256 -11264 4992 -10944
0 0 0 0 14464 8608 -14336 4224
0 0 0 0 -7584 8768 -9600 -15104
0 0 0 0 13824 13824 -3488 11488
1 2 2 -1 -4928 16000 -14144 -12448
-1 2 2 -1 -15648 5824 4288 14528
2 1 2 -2 -4768 -16160 13184 -12576
-2 -2 1 -1 -15136 15008 14656 -7392
1 1 2 -2 -11168 9280 -13504 -15520
-2 2 1 -1 10752 -14624 -2432 -12928
2 -1 1 1 -10688 14688 -8832 -480
-2 2 1 -1 10560 352 -9728 -7296
1 0 1 0 -6016 -11968 -14400 2944
-1 2 -1 0 -12928 -6144 10560 -2368
0 -1 -2 1 -3584 -8672 -14528 -12256
2 -2 2 -2 15744 -6720 -13312 -10624
1 2 2 2 -15168 -736 1920 480
-2 2 -2 2 9472 -14304 12032 -16352
-1 2 0 2 8256 10624 64 -9280
-1 1 -2 -1 10304 4480 -928 -9728
-1 1 2 2 12864 -4096 -9664 11648
-1 2 1 -2 -14688 7936 -14048 10432
-2 1 2 -1 704 8512 6112 5312
-2 2 1 -1 -15232 14912 -13984 2784
1 2 -1 -2 3872 15200 -16064 11616
-1 1 -2 1 -13696 10208 -3456 14816
1 -1 -2 -2 14240 -14048 -15136 -10656
-2 -1 -1 1 -7584 -3360 14048 14464
-2 -1 1 -1 15968 2816 3392 2048
0 -2 -1 -2 -15520 1344 -6208 -12128
2 -1 -2 -2 -1056 2656 2240 16224
1 0 2 1 -10016 -9856 9792 -5952
2 -1 2 1 -12032 256 10048 1824
1 2 -1 -1 1696 -2528 8992 -13632
2 0 0 -2 -3072 16160 -11520 -3936
1 -1 -2 1 13952 11712 12608 13696
-2 1 -1 2 -2560 -12128 -15040 8736
1 1 2 0 9792 8704 6752 -15840
2 1 2 0 12960 11712 -15776 -1248
0 1 1 1 -15840 14944 15232 -7808
-2 2 -2 1 256 14656 2784 1376
-2 1 -2 -1 -15936 11712 864 4704
-1 -1 -1 1 -5536 4768 -4192 -5152
-2 1 1 0 15392 -12224 7008 -16256
-1 0 -2 -1 -7072 -4928 11136 12160
0 1 1 -1 13856 -15104 -2784 -14240
-2 -2 2 -1 -15968 -10432 -8416 -15456
-2 1 1 1 -8256 -9088 4640 11584
1 -1 1 -2 15264 -10624 8384 -7040
-1 -1 -2 0 -15904 -8640 15072 -12928
2 1 1 2 -10080 5024 15712 -5664
-2 -2 2 1 -8800 10304 13888 -12352
2 2 1 2 -14944 -8480 -5152 -2816
2 2 2 -1 11616 -12896 -12256 -15840
2 2 2 -1 160 -3552 -5696 10624
-1 2 0 0 15872 -8320 -14144 -15488
-1 2 0 2 -5632 -4608 8608 -224
-1 0 -1 -2 -14976 -7456 12736 -12896
-2 -1 2 -2 -1568 -15328 12032 -3808
-1 -1 1 2 3488 12800 -4032 -16384
1 -1 -1 2 -4864 -15488 11936 -10432
1 -2 -2 2 15776 -3200 -9568 16064
-1 -2 2 2 -10176 3008 16032 -15520
-2 -2 1 -1 7648 11840 -4832 -416
-2 -2 2 -1 640 -6784 14272 -13536
-2 2 2 -1 4128 13952 -15680 -15776
-2 2 2 -2 -16160 -11328 -13184 10976
-2 -1 -2 0 15424 -14016 -11200 -15424
2 -2 -2 -2 -7616 -13120 -14784 2752
-1 0 0 2 8704 11200 12032 -12000
-1 -2 -2 2 8352 15168 11648 15520
-1 0 1 -1 -9792 6848 -14720 13664
-1 -2 2 -2 -14336 15424 -4096 -10720
0 -2 2 0 -10400 12800 960 14528
1 2 -2 -1 -1504 -11296 1472 10240
-2 1 2 -2 15936 -6912 -4352 -13056
-1 -1 -1 -1 5728 -15296 16000 -10368
-2 1 -1 -1 15392 -15584 -1216 -14592
1 1 -1 0 8736 -14272 15328 11712
0 -2 2 -1 10752 7968 15168 10432
1 -2 1 -1 4160 -2976 -13088 16064
2 -2 -2 2 12160 13216 4128 960
2 -2 -2 2 5408 -480 -13664 12608
-1 -2 -2 0 14944 8480 13632 14848
2 2 2 -2 2016 -1184 -7936 -9760
1 2 2 -2 -14944 3104 15392 -16128
-2 1 2 -2 14656 -16320 10656 5824
-1 1 -2 -2 -13920 14816 -832 -12704
-1 1 1 -2 -10240 -6656 13888 2272
0 -2 0 1 13376 -7072 -896 -14496
1 -1 -1 -1 12960 8320 10784 -8544
1 -1 -1 -2 14880 7008 -11840 8928
1 -1 0 -1 -14112 12576 2080 10048
2 -2 2 1 14816 -832 -14880 11552
2 1 2 2 -2368 -8320 15968 7328
0 -1 -2 1 10432 12576 -1632 1376
1 2 2 0 14656 -11392 -11456 15616
1 -1 1 1 -14720 12160 -6944 1504
2 2 2 1 -1472 -14144 -14176 -15200
-1 -1 -2 -1 15552 -9664 10080 9312
-2 1 -1 -1 -3328 12352 -14016 640
-1 2 2 2 14784 15392 -10624 12128
-1 1 -1 -1 -8704 -1376 -4576 -11552
-2 -2 2 0 -10368 -2880 -3456 5792
-2 -1 -1 -1 -15488 -512 15872 6624
2 2 2 -2 -16384 5792 -15072 15328
2 1 -1 1 5120 -11072 4736 9216
2 2 1 2 9600 -11584 -15488 15808
1 -1 2 2 3520 -6592 -4992 -3744
-1 -2 2 1 -12544 -13536 -11168 13216
2 1 -2 0 3776 13792 -14368 -9760
1 -2 -2 1 -6912 -16224 2144 -9376
-1 1 -1 0 -11520 2976 1312 -8608
0 -1 -2 -1 -6784 -13280 14208 -12960
1 -2 1 1 -832 4032 -14624 -768
-1 1 -2 -1 -12160 -6304 9280 12960
-2 2 -2 2 864 -9056 -16192 13504
-1 -1 -1 -2 6016 -7136 -14112 -1824
-2 0 -1 2 -10240 -9536 9376 -288
-2 0 -2 1 -8064 -5344 -4320 -14496
-2 1 -2 2 11584 -2656 -10592 14112
2 -2 2 2 11616 -7936 -14976 -12608
2 -2 2 2 2400 4352 -15680 -7200
0 -1 -2 -2 13952 -9344 11072 15424
-1 -1 -2 -1 -13568 8192 -8512 -12256
1 2 -1 -2 4512 6240 -8512 12224
-2 2 1 -1 7616 15552 -14784 8608
-2 0 0 -1 -15072 14880 384 -16384
-1 -1 1 -1 1696 -12672 -1888 11872
0 1 -1 0 -9696 15040 13504 8896
-2 -2 1 2 -11136 -13888 -352 15584
1 -2 2 1 8224 -3104 448 9440
1 -1 1 -1 -5344 -11424 13600 -16256
-2 -2 2 0 -15520 3552 -5856 -14944
-1 0 -2 -1 6784 -14688 10016 3680
2 0 -2 2 -12928 -15936 8000 11776
2 -2 -1 -2 10336 14144 9376 4832
0 2 -2 -1 9952 -15616 14848 14688
2 -2 2 -2 -8640 9728 6656 -1184
1 1 -1 -2 15040 -15360 15264 -14592
0 1 -2 2 4928 7424 384 15680
2 1 -2 2 -14400 16320 -13216 2432
1 1 1 2 9792 -448 -16096 13696
0 -1 -1 2 9280 704 15168 -11136
-2 -2 2 1 11328 -15744 8480 14848
-2 -2 -1 1 6400 -3104 -15552 -15808
2 0 1 2 13024 -2528 10464 -13440
-2 -1 1 2 -15808 -15872 -10944 -1216
-1 1 -2 2 -1312 -3552 9952 -13440
2 -1 2 0 -10336 -12640 -8288 9600
-2 -1 1 1 -13344 -6528 -4512 -14656
1 1 2 1 -14912 -14080 10720 -8256
2 1 2 2 -5760 10688 5728 -12608
-2 2 1 -1 -11040 13632 14880 -14336
-2 2 1 -2 -6368 14368 6400 -14720
2 1 0 -1 -256 -15968 11488 -12416
1 2 -1 1 -8512 8096 6080 -1536
2 -1 -1 1 -6176 -4192 3328 -704
2 0 -1 -2 -704 -13152 224 -15808
2 -2 2 -1 -9600 -14048 11840 -15232
0 0 1 -2 -7168 12480 -6176 11520
1 0 2 -1 -6432 5440 5408 -9664
2 -2 -1 0 2848 -6336 15968 -16000
-1 0 1 -1 5472 15232 15392 -15552
-2 -2 -2 1 -11264 -8992 7776 -9152
-2 -1 -1 -2 -4864 -384 15456 -7104
-1 -2 1 -1 6048 -15168 14912 -13568
-1 1 1 -2 13696 16160 13824 3328
-2 1 1 -1 -3936 -14080 -15296 -8288
0 1 1 -1 -544 14752 13760 6016
0 2 1 -1 7968 -9504 -13504 -15168
-2 1 2 0 10624 15456 10304 -15968
0 -2 0 0 2656 16224 14784 13344
-1 -2 0 -2 10720 -12960 -12224 -10464
-2 -2 1 -2 544 10720 -12224 15008
-1 1 -2 2 14528 -15808 15424 13248
-1 1 2 -2 14496 -15168 -13504 -10816
1 -2 1 -2 6592 -8640 7104 11328
1 -1 2 -1 -9120 14528 12992 -15168
-1 -2 1 -2 -15040 -8960 7360 -12992
-1 0 1 -1 6400 -4192 8512 -14528
2 -2 2 -1 -13664 -4352 -11136 -13760
2 -2 2 1 14496 9536 13792 8896
-2 -2 2 -1 -2752 -15584 8576 11456
0 -1 2 2 15968 -7680 -576 4672
2 -2 1 1 14496 -13216 4192 5440
2 -2 2 1 7360 -6432 8992 13120
0 -2 1 2 -13184 -8736 14336 -8128
2 -2 -2 -1 -3968 -10976 15296 10976
0 2 -2 -1 -2752 -13888 -14080 1024
2 2 -1 2 7520 -4896 11040 -8448
2 1 -1 -2 6048 -12864 11072 16224
1 -2 2 2 10144 -3808 6976 -1664
-2 -1 2 1 5856 -13792 5184 16224
-1 -2 1 -2 5568 -15712 13728 -992
2 0 2 -1 -5376 -10144 -13408 -896
1 -1 -1 -2 4928 13120 -15200 16288
2 2 2 2 -15776 448 -9344 -7424
-1 2 2 2 -9600 3840 -2592 -12128
-1 -2 -1 1 -16384 13248 -14720 -9248
2 -2 1 1 3360 -16352 -11520 -3776
1 0 2 2 -2176 12768 16064 -14496
-2 -2 2 -1 -4096 6400 5088 -15648
0 -2 2 1 -7008 -11104 -14272 -10144
-1 -2 2 0 -6432 -9600 15872 10464
1 0 2 -2 -6880 -14624 9088 -15968
1 -2 2 -1 -6240 5760 -15616 -14464
1 0 1 0 -9216 -15136 1792 8832
1 -1 1 2 -2208 16096 9536 -5120
1 -1 2 -1 -9216 -1824 14848 -10080
-2 -2 1 0 -8704 11872 -15648 -3904
2 -2 1 1 3968 8928 -13312 -8768
1 1 -2 -2 5376 8064 15808 -8384
-1 1 0 -2 -10624 -5632 -12320 -4992
-2 1 -2 -2 -8096 8672 -7712 -14464
1 2 -2 0 13632 -10176 14560 12256
-1 1 -2 -1 12000 -3584 -11360 11040
-1 1 2 -1 14432 1056 4000 12096
-1 -1 2 -2 -13664 1184 10240 11616
-2 -2 1 1 14304 672 6848 -9280
-1 -2 2 1 480 1824 9376 -16384
-1 2 1 -2 -1984 -6912 -12960 -1152
-2 2 0 2 16352 -14912 -10688 8864
0 1 2 -2 -5376 -14848 15456 -10944
-2 -1 2 -2 -13088 -6656 -5312 -16000
-2 1 1 0 -13056 -10432 15584 11584
1 2 -1 -2 7648 -14912 8800 6208
1 1 -2 -1 -13760 6784 11744 -13952
-1 -2 -2 -1 -12224 16320 10208 2240
-1 2 -1 -2 -14016 -1664 12224 -16096
2 -2 1 2 -14176 2496 13888 -8704
2 0 -2 2 12992 6912 -3776 -8480
2 1 1 2 -64 3296 13632 -15584
1 0 2 2 14912 13664 -5184 -15200
2 0 1 -2 -5888 32 8320 12640
-1 0 2 -1 15008 -736 6848 -14016
0 -1 -2 0 16256 -9728 7872 9824
2 -1 -2 2 5056 -5312 14656 -2240
-2 -2 -1 -1 3232 -14816 -11936 15392
-2 -1 -1 -1 -15968 -16128 -13856 5600
-2 -2 -2 1 -7648 -13984 -5952 8704
1 -1 2 1 7616 5984 -7840 11392
-2 2 1 -1 8768 14560 -13632 6656
-2 1 2 1 14304 1600 13920 11584
-2 -1 2 1 15136 -11424 -14400 14368
-2 1 2 -1 8128 15520 -16032 1984
2 2 -2 -2 6208 16352 -8416 10368
-1 0 -1 -1 11072 2368 5024 14368
-1 2 -1 -1 8448 13248 14688 -13920
-1 -1 2 2 1632 -15616 -4864 14784
-1 0 1 1 15328 -10560 8832 15712
-2 -1 1 2 10496 12544 -15936 12032
2 -1 2 -2 -160 -14592 16032 -8864
0 -2 -1 -2 -10272 -8064 7712 -10272
-2 -1 -1 2 -8768 -14848 -2656 -12064
-1 -1 -1 2 -14560 3968 -14304 -6080
1 2 -1 2 13344 -9856 -12288 -11200
1 1 -2 1 7424 15680 -3680 13696
2 0 -1 2 4000 16320 -15104 -13920
2 -2 -2 1 -4896 4672 1856 -11904
1 -1 -1 0 -10016 320 14176 -3776
1 -1 -2 1 -8992 16192 -9824 -1632
1 1 2 2 -13600 12288 -13216 -16096
2 2 2 2 -3968 10880 -14240 -11296
-1 2 -2 2 10464 13504 -14720 -12832
-2 -2 2 2 11840 14592 -7104 -10944
2 1 2 2 6592 5312 15296 0
-1 -2 2 -1 4416 15680 -9088 9408
-2 -2 1 -2 6112 -13888 -11264 15744
-1 -2 -1 -1 2496 1024 -4032 -7840
-2 2 -2 -1 14720 13888 -11712 14016
-1 -2 -2 -1 12768 -14080 -1984 -16064
2 -2 0 1 2336 5984 -14208 -8608
0 -2 -2 -2 6656 2176 -8640 12640
-1 2 1 -2 15136 -3264 1408 -13856
-2 -1 1 0 -10848 2400 -15232 -7968
-2 -1 -1 -1 14144 -15776 9280 10048
-2 2 -1 -2 8608 14592 13536 6656
0 2 -2 -2 7744 -15040 14848 15264
2 1 -2 -2 15616 9280 -13952 15936
2 1 -1 -2 12352 14048 13728 12768
0 1 -1 1 672 -7424 10592 -6048
1 1 -2 2 4480 10880 2400 15008
1 -2 -2 1 12160 1600 11360 15040
0 1 0 -2 -14592 -9888 -4416 1984
2 2 -1 -1 -1216 15552 14592 7776
2 1 0 -1 15264 -11648 16064 -800
-1 1 -1 -1 -3520 11328 -5440 -5632
2 0 -2 1 14208 -15296 -5632 9600
2 -1 1 -2 -4032 10112 9984 3424
-1 1 1 -1 15168 11264 13376 -12640
2 2 2 2 5664 8960 4064 -4672
2 1 2 1 15616 -4992 -14848 15648
1 1 1 2 -3712 7680 15424 -5312
2 2 -1 2 9856 5856 5600 -11328
2 1 1 1 -15552 -9728 13856 -7616
0 -1 2 -2 12352 16000 7840 -10144
1 1 0 -1 2112 12800 9824 13312
2 0 2 -1 -5184 -224 15040 9504
2 -2 -2 1 5312 15712 12704 -11584
-1 -2 -2 2 13632 11968 5056 15936
-1 -2 -1 -1 -15200 15680 -8384 16320
0 1 -1 -1 3200 -2144 -14368 -2080
2 1 -1 2 12416 -6304 -3552 15904
-2 2 2 0 2016 4576 -14624 14720
-2 2 2 -2 -12064 -15808 -15264 -2368
2 2 0 0 -11808 -4352 5312 14240
2 -2 -2 2 -12064 -9600 -4352 -5600
-1 1 -2 -2 6720 -14240 7552 14976
2 1 2 -2 -13760 7296 10048 -14624
2 -2 2 -1 -16384 -13792 14208 14496
1 -1 1 -2 11136 10016 -11392 -10752
0 2 2 -1 -13056 3648 13696 15392
-2 -1 1 1 1024 608 14272 11168
2 -2 1 -2 -10176 -14016 2112 -352
1 1 1 -2 -16384 4352 8384 13120
2 1 -1 -1 16352 -15488 2624 7424
0 -1 -2 0 -6016 -3264 -12928 15008
1 -2 0 2 -8640 14464 1216 4416
0 2 -1 1 9312 14528 -3968 -800
-2 2 -2 -1 14624 -12608 -9280 2784
-2 -1 2 2 -3648 -3008 -15136 10336
-1 -2 -2 -2 -352 1536 15840 7904
2 -1 1 -2 16192 -1216 10240 416
1 2 2 -1 -10912 6016 -14816 13152
2 1 1 2 -9536 -16256 9472 -14240
2 2 -1 -2 9824 -5568 -11200 -1600
-2 0 2 -2 -2144 -12256 6976 -16192
1 0 1 2 9568 -15744 2080 -11552
-1 -2 0 -1 -15968 10240 -5312 4352
-1 2 2 2 15168 12064 8000 4896
-1 1 0 1 12960 13536 -2752 15136
-1 -1 -2 2 -7744 2208 1952 14784
-2 1 1 0 -5856 14048 10944 -14912
1 1 -1 0 10144 3264 9120 3072
2 -2 -2 1 5216 16128 -5952 6784
-2 0 -2 2 15872 -6848 1888 14208
0 1 -1 1 14592 14144 15968 -4416
2 -1 1 -1 -4096 -16256 -8544 12320
-1 2 1 1 -16352 -14592 14432 -14528
-2 2 2 -1 16160 15488 15520 10688
1 -2 -1 0 10720 -14848 -14464 -8224
-1 -1 2 -2 -12320 8640 7040 15840
2 -2 -1 -2 16000 -8000 15488 15200
2 2 -1 2 1920 -5184 -4128 9312
2 2 1 0 -2624 12992 4704 -12992
1 1 -1 1 16128 576 -4288 -3712
-1 0 1 1 -15328 1792 3904 -3360
-1 2 1 2 6368 -16128 5184 11904
1 0 1 0 -1152 7648 9024 -15424
1 1 -2 1 14560 -16160 5824 -15424
1 -2 1 2 -16128 -1216 -384 544
2 -1 2 -2 6688 1120 6272 -12768
-2 -2 -1 2 -4224 16320 8992 3008
-2 -2 2 2 13600 15200 13600 -6656
-1 -2 2 2 -15200 -6880 896 -15840
2 -2 2 -1 7456 3488 -10560 -15968
-1 1 1 -2 15904 -14432 -10496 -7712
-2 -1 2 -2 -11360 15168 -14432 15712
1 -1 -2 2 -11328 -9536 -4704 5088
-1 2 2 -2 15552 -11584 12096 13152
-2 -1 -2 0 5824 -3232 11072 11456
-1 1 1 -1 -9792 -13248 14720 -6848
2 2 1 1 15488 2752 -11616 2624
-1 1 1 1 13664 -11904 13728 6592
1 2 1 2 -9728 12672 6272 10240
2 -1 -1 -1 8768 14688 15488 -7008
1 1 2 -1 352 3264 -128 13984
-1 1 1 1 11104 14336 -4608 -11904
1 1 1 -2 -8288 1312 -3712 15328
2 -2 0 -1 16064 15456 4960 -3712
1 2 -1 -2 4224 3616 -16096 6784
1 2 -2 -1 -14528 -14720 -10912 9600
-2 2 -2 -2 -13280 -5568 -9760 7840
-2 -2 -1 2 6176 12352 10624 14016
-1 -2 2 2 -2912 6368 -3744 -12160
2 0 2 2 13600 -9984 15584 13728
-2 -1 2 -1 -15424 -7392 -10240 -8000
-2 1 -2 1 13120 -15424 12576 10752
-1 -1 -1 1 -2752 12640 -9536 14048
-2 1 2 2 12992 -11072 -11456 12224
2 2 1 -2 -896 6912 -2880 -8032
-1 0 -1 -2 6816 14272 -11584 14560
1 1 0 -2 4032 -8128 4160 13856
-2 0 -1 -2 -16224 5952 -2048 -10848
-2 2 1 0 -10528 9248 -8256 -16224
2 0 2 1 15456 11808 -4864 5792
1 -1 -1 2 -1792 -4224 -13728 16320
-1 -1 -2 1 14080 -11296 -2624 -1984
2 1 1 2 -2400 8832 8512 5184
-2 1 -2 -2 10048 -15424 15712 -256
-2 -2 -1 -2 -14208 -12192 -3104 -8544
-2 -1 -2 -1 9824 -8608 7904 16192
-2 -1 1 2 -11936 7904 -10656 -5600
0 2 -2 2 10784 14752 -7744 -14624
2 -1 -2 2 -11648 -9440 10560 -5472
-1 2 0 -2 10880 14976 -3648 -15104
2 1 -2 -2 -11616 7744 9568 6848
0 -1 2 -2 10912 -16096 12544 -8320
-1 1 -1 -2 -11584 -8544 -5312 -15328
-2 2 -1 -1 10944 15392 4896 -7328
-1 2 -1 2 -11584 7840 160 -14368
0 -2 -2 2 10944 -16064 -9696 -12704
1 -2 0 -2 -11584 -8512 15200 14624
-1 1 2 2 11584 14912 -1888 -13184
2 2 1 -1 -11584 7872 15360 9824
1 -2 -1 -2 14528 14272 -11648 -16320
2 -1 1 -1 -15424 1856 -9472 -14560
-2 2 -2 -1 13632 -14144 -14624 7712
2 1 -1 -1 -15424 -5184 -14304 -5984
-1 -1 2 -1 14272 11904 -9344 15680
2 -2 -2 -1 -14016 3264 -7520 12480
-1 1 1 2 14016 -12544 -14048 -9408
2 2 2 -1 -6848 -9344 9568 1472
-1 -2 -2 -2 -11840 -16320 -14176 15424
1 -1 2 -1 -3520 -13120 -12288 -4992
-1 1 -1 -2 -8512 11200 -8896 11360
2 2 -2 -1 -2752 6592 -14688 1024
-2 -2 -1 2 -8576 14272 -15392 -10432
1 -2 0 1 -5056 14912 -9728 15264
-2 1 2 2 -9600 10016 -6688 -1984
-2 1 -2 2 -15232 6784 -15040 15392
-1 0 -1 2 16320 14912 13792 -10464
1 -1 -2 1 -576 15648 -7424 -9472
1 -1 -1 -2 13760 -640 7008 -11168
1 2 -2 -1 -5632 -15840 -15968 -2272
-1 0 -1 1 12832 15648 -8800 -13696
2 -1 -2 -2 -5568 -12032 -13024 -16352
-2 -2 1 1 13568 2720 -13792 -13344
-2 -1 -2 2 -5472 -6816 10144 1568
0 -2 -2 -2 15264 -12224 15424 -15168
-2 2 -2 1 -15456 -2560 2240 -16064
0 1 -2 0 15264 -12896 -15168 14496
-2 2 -1 -2 -15040 -15392 -5440 -13504
-1 1 -2 -1 15296 -9696 5120 2176
-2 2 0 0 -14912 -7840 16256 -14496
-2 1 -2 2 14912 -14752 16288 4256
-2 1 -2 -1 -14912 9440 5184 -14976
1 2 -1 -2 13120 -14624 14592 15136
2 -1 2 -2 -4544 -7616 -7328 -9152
-2 -2 2 0 13120 15488 10848 7776
2 -2 -2 -1 -5440 7968 544 -2208
-2 -2 -2 -1 13120 -15968 -10720 11744
-2 1 -1 -2 -5568 -8416 12928 -15200
0 -2 2 1 13120 15392 -3040 13728
2 -2 1 1 -5568 7872 6400 -4608
1 0 0 2 13120 -16064 15296 15296
2 -1 -1 1 -5568 -8512 -7392 -15840
2 -1 -1 -1 13120 15424 10912 -8928
2 -2 1 1 -5568 7872 544 7712
1 -1 1 -2 13120 -16064 -10592 -2016
2 -2 1 2 -5056 -9024 13568 10048
1 1 1 2 13632 14912 -2400 -15872
2 -2 1 2 -1984 4416 9984 6432
-2 -1 -2 -1 10432 15040 14720 14976
-2 -1 2 1 -14080 -704 -15616 -5056
0 1 -1 -1 9888 -10176 7392 5408
2 2 -2 1 -12032 8320 -6112 -7136
-2 -2 1 2 10816 14624 15744 14368
-1 -2 -1 2 -11616 -2432 12960 -13792
-1 1 2 -2 10912 -11072 -8928 12096
2 2 1 -2 -11616 8288 5024 4928
-2 -2 -2 -1 10912 14592 16320 15296
-1 -1 2 -2 -11584 -2464 -13632 13376
-1 1 -1 1 10944 -11104 8256 -384
2 2 -2 -1 -11584 8288 -5696 8256
-2 -2 -2 2 10944 14592 15808 -6912
-1 -2 0 1 -12224 -1952 14656 13792
0 2 2 1 11456 -10464 -9152 -14528
2 2 1 2 -14912 11744 15168 9600
2 -1 2 -2 15296 -16000 -14144 13280
1 -2 1 2 -15424 -10016 2880 -4832
-2 1 -2 -2 15296 -12384 -15040 8224
2 1 -1 -1 -15424 -13408 16128 -9824
-1 -1 2 -1 15296 15776 -13984 -7744
2 -2 -2 1 -14016 -3168 640 13504
-2 2 2 1 15296 -8928 -14528 -13568
2 1 2 2 -6848 -12992 8480 9120
-1 -1 2 2 -15424 14208 -15104 -15872
2 -1 1 -1 6720 -9440 -16224 15936
-2 2 -2 1 -12096 6272 -288 12832
2 1 -2 -2 5312 9920 -15392 -5088
-1 -1 -1 -1 -12992 11936 15648 15008
1 -2 -2 -1 2496 15904 -14080 -15584
2 1 -2 2 -13120 3232 2208 -8384
2 1 -1 2 -7552 8864 -15296 14272
2 -2 1 -2 -15008 14784 15264 -12480
2 -2 1 2 -9536 15616 -7936 3008
2 -2 1 -2 10016 480 5408 -11456
1 -2 -2 -1 -12640 -15232 15456 -6336
-1 0 1 1 10720 15616 -9248 -15296
-2 -2 -2 -1 -14400 -9088 -16032 16256
-1 -1 1 2 15040 -7904 -3360 -13408
-2 2 2 1 -10720 -6816 10976 7168
2 -1 2 2 7072 -11072 13248 -15168
-2 2 0 2 -1856 -2176 1152 -16352
2 2 -2 -2 11712 -13568 -12352 13984
-1 2 -1 -1 -13312 -15328 -15360 -10720
1 2 -1 -1 9504 -12704 7520 -8544
-2 0 1 -1 -12672 1280 -16064 -14528
-1 2 2 2 7360 -14976 -16384 6784
-2 2 2 -1 -4832 3200 5344 -14176
-2 2 -2 1 13088 14720 14752 15488
2 0 2 -1 -4832 -320 -7136 -8896
-2 -2 2 -1 13088 -10368 10912 7840
2 -1 -1 -1 -5568 8352 576 -2144
2 -2 -2 -1 13120 14656 -10688 11808
2 -1 0 -1 -5568 -2400 12928 -15136
-1 -2 1 2 13120 -11168 -3040 13728
2 -2 1 2 -5568 8288 6400 -4608
-1 1 0 2 13120 14592 15296 15296
2 -1 -1 1 -5568 -2464 -7392 -15840
2 -1 -1 -1 13120 -11104 10912 -8928
2 -2 2 -1 -5568 8288 544 7712
-1 1 1 -1 13120 14592 -10592 -2016
2 2 1 2 -5056 -1952 13568 10048
-2 0 1 1 13632 -10464 -2400 -15872
2 2 1 2 -1984 11744 9984 6432
-2 -1 -2 -1 10432 15744 14720 14976
2 -2 2 1 -14080 -10272 -15616 -5056
-2 2 -1 -1 9888 14624 7392 5408
-1 1 -2 1 -12032 7584 -6112 -7136
-1 -1 1 1 10816 -16096 15744 14368
2 -1 -1 2 -11616 -8544 12960 -13792
-2 1 2 -2 10912 15392 -8928 12096
-2 1 1 -2 -11616 7872 5024 4928
-1 -1 -2 -1 10912 -16064 16320 15296
2 -2 1 -2 -11584 -8512 -13632 13376
-2 1 -1 1 10944 15424 8256 -384
-1 1 -2 -1 -11584 7872 -5696 8256
-1 -1 -2 1 10944 -16064 15808 -6912
1 -2 0 1 -12224 -9024 14656 13792
-1 2 1 1 11456 14912 -9152 -14528
2 2 1 2 -14912 4416 15168 9600
1 -1 2 -2 15296 16192 -14144 13280
2 2 1 1 -15424 -448 2880 -4832
-1 1 -2 -2 15296 -4288 -15040 8224
2 1 -2 -2 -15424 -7296 16128 -9824
-2 -2 2 -1 15296 14944 -13984 -7744
2 -2 -2 1 -14016 1696 640 13504
-2 2 2 1 15296 -2976 -14528 -13568
2 2 2 1 -6848 -8736 8480 9120
-2 -1 2 2 -15424 13440 -15104 -15872
2 -2 1 -1 6720 -3776 -16224 15936
-2 2 -2 1 -12096 7584 -288 12832
2 2 -1 -2 5312 8640 -15392 -5088
-2 -2 2 -1 -12992 11968 15648 15008
2 -2 -2 -1 2496 -10080 -14080 -15584
2 2 -2 1 -13632 7040 1696 -7744
2 2 -1 2 -7680 9696 -15296 14272
2 -1 1 -2 15584 14912 12832 -10176
2 0 1 2 704 -14496 2432 -7616
2 -2 1 -2 7584 -11424 2976 -13888
2 -2 -2 -1 -4000 -16032 15584 7936
1 1 1 2 7232 -14752 -12192 -14048
1 -1 -2 1 -6016 -10816 -7168 14208
-2 -2 2 2 12992 3776 -5984 -14144
-2 -2 2 1 -4992 -6464 9568 4384
2 0 1 2 13568 -15936 16192 -15456
-2 2 -1 2 -5600 7744 -2240 15776
2 2 -2 -2 15264 -12992 -3232 11808
-1 2 -2 -2 -15424 15680 16128 -13120
1 -1 -1 -2 14912 -11072 10080 3264
-2 1 1 -1 -15040 -8640 13952 -11072
-1 2 1 1 13120 -14912 -6784 -6848
-2 1 2 -2 -4544 13440 8704 -15424
1 -2 -1 -1 13120 -14688 15072 14336
2 -2 1 -2 -5440 -8704 -15520 -8928
-2 -2 2 1 13120 15040 7520 8960
2 -2 -2 -1 -5568 7712 -6016 -3776
-2 -2 -1 2 13120 -15968 15680 13728
2 1 -1 2 -5568 -8416 12864 -96
-2 -2 1 0 13120 15392 -8896 9248
-2 -2 1 -2 -5568 7872 5056 -7968
-1 1 -1 -2 13120 -16064 16320 15008
-2 -2 0 1 -5568 -8512 -13632 15360
-2 -2 1 -2 13120 15424 8256 -1344
-2 -2 2 2 -5568 7872 -5696 15520
-2 -2 1 -2 13120 -16064 15808 -13216
-2 -1 -2 -1 -5056 -9024 12480 7808
0 1 2 -2 13632 14912 -9408 -14496
2 -1 1 -1 -1984 4416 1472 9152
-2 -1 2 -2 10432 15040 15424 -16224
-1 -2 1 1 -14080 -704 -4992 15392
-1 1 -2 -1 9888 -10176 11360 12192
2 1 -2 2 -12032 8320 1024 -4192
-2 -2 1 -1 10816 14624 -10432 14784
-2 -2 -2 1 -11616 -2432 13088 -11712
-1 1 2 -1 10912 -11072 -3008 7744
2 2 2 -1 -11616 8288 6432 -9280
-2 -2 2 -1 10912 14592 15328 -9408
-1 -1 1 0 -11584 -2464 -7392 15552
-1 2 -2 2 10944 -11104 10912 704
2 2 -1 2 -11584 8288 544 10688
-2 -2 2 1 10944 14592 -10592 -14208
-2 -2 -2 -1 -11584 -2464 15232 5280
1 2 1 1 11584 -10592 -2016 -4224
2 2 2 2 -11584 8288 15360 6720
1 -1 -2 2 14528 -15104 -11648 15136
2 -2 2 2 -15424 -12704 -9472 -4320
-1 2 -1 -2 13632 -2912 -14624 4384
2 1 -2 -2 -15424 -15584 -14304 -352
-2 -1 1 -2 14272 -16352 -9344 -6976
1 -2 -1 1 -14016 -6560 -7520 8448
-1 1 2 -1 14016 -352 -14048 -4128
2 1 1 -2 -6848 -13120 9568 6624
-2 -1 -2 -2 -11840 7872 -14176 -15744
2 -2 2 1 -3520 -608 -12288 -14304
-1 1 -1 2 -8512 3264 -8896 3584
1 1 -2 1 -2752 11072 -14688 3328
-2 -1 -1 0 -8576 9344 -15392 -16384
2 -2 0 -1 -4416 -8128 -10240 9120
-2 2 2 2 -9088 1504 -7328 -128
-2 1 -1 2 -12928 9312 -15040 15168
-1 -2 -2 -2 -15296 15808 14432 -13568
1 0 -2 2 -8896 15840 1024 2144
1 -2 -1 -1 12224 -864 8160 -11200
2 -2 -2 -1 -13888 -15872 -16032 -5440
2 -1 -1 2 15424 15040 -13440 -14976
1 0 -2 -2 -10496 -12000 -7840 16288
-2 -2 2 2 9600 3744 -5728 -13312
-2 2 1 2 -12224 -6816 9536 7680
0 -1 -1 2 7360 -13088 -15168 -15136
-2 2 -2 0 -1344 -2976 -12736 15808
0 2 -1 1 8896 -13728 -4768 10432
-2 1 -1 1 -2944 -15520 -15840 -13664
0 -2 -2 2 10400 -12672 8064 3104
-2 1 -1 -1 -13568 2240 15424 -14016
-2 2 -1 -2 6848 -15040 -2944 3264
-2 2 1 -1 -5088 3392 2080 -15424
-1 2 0 1 13088 14752 13568 8000
1 -1 2 -1 -4832 -320 -13888 -2880
-2 -2 1 -1 13088 -10368 8352 13632
-2 -2 -2 -1 -5568 8352 -5568 -1088
-2 -2 -1 -2 13120 14656 15808 10048
1 1 -1 -2 -5568 -2400 12896 -13568
-1 -2 1 1 13120 -11168 -8864 5536
2 -2 1 1 -5568 8288 5088 2048
-1 0 -1 1 13120 14592 16352 -8256
1 -2 -1 2 -5568 -2464 -13632 15520
-1 -2 -1 2 13120 -11104 8256 -11552
1 -1 1 0 -5568 8288 -5696 9120
-2 1 1 -1 13120 14592 15808 -15200
2 2 -1 1 -5056 -1952 12480 11904
-2 0 1 2 13632 -10464 -9408 -2944
2 2 1 1 -1984 11744 1472 6272
-2 -1 -1 -1 10432 15744 15424 15616
1 -2 2 2 -14080 -10272 -4992 -7872
-1 1 -2 -1 9888 14624 11360 13888
2 1 -2 2 -12032 7584 1024 -13632
-2 -1 2 1 10816 -16096 -10432 8384
-1 -1 -2 1 -11616 -8544 13088 -14784
-1 2 2 0 10912 15392 -3008 12608
2 1 1 -2 -11616 7872 6432 3392
-2 -1 -1 -2 10912 -16064 15328 -6080
-1 -1 2 -2 -11584 -8512 -7392 11328
-1 2 -2 1 10944 15424 10912 -12544
2 1 -1 2 -11584 7872 544 7104
-2 -1 2 2 10944 -16064 -10592 -4288
-1 -2 -2 -1 -11584 -8512 15232 12544
0 2 1 2 11584 14912 -2016 -896
2 1 2 2 -11584 7872 15360 3328
1 -1 -2 -1 14528 14272 -11648 10560
2 2 2 1 -15424 1856 -9472 -6944
-1 1 -1 -2 13632 -14144 -14624 12832
2 2 -2 1 -15424 -5184 -14304 -8576
-2 -2 1 2 14272 11904 -9344 -11488
2 -1 -1 2 -14016 3264 -7520 16192
-2 1 2 0 14016 -12544 -14048 -12480
2 1 1 -1 -6848 -9344 9568 10048
-2 -2 -2 1 -11840 -16320 -14176 13664
2 -2 1 -1 -3520 -13120 -12288 -4800
-2 1 -1 2 -8512 11200 -8896 8384
2 1 -2 -2 -2752 6592 -14688 -9792
-2 -1 -1 2 -8576 14272 -15392 -7616
1 -1 0 -1 -4416 14912 -10240 15168
-1 1 2 1 -9600 10144 -6816 -13824
1 1 -1 2 -13568 9600 -15040 15136
2 0 -2 -1 14016 14912 -15776 -13312
2 -1 -2 2 -960 15328 -6912 2112
2 -1 -1 -2 13760 96 5984 -13920
2 2 -2 -2 -1536 -15392 12832 5088
1 0 -1 -2 6816 15264 1184 -14912
2 -1 -1 -1 -4352 -9120 -15072 12896
-2 -2 1 2 7264 -7552 -4512 -14528
-2 -1 -1 2 -6048 -6848 10112 7136
0 -2 -1 -2 13472 -13536 15360 -15520
-2 2 -2 1 -5120 8704 -9600 16352
0 1 -1 -2 14848 -13568 -16224 10336
-2 1 -1 -1 -15456 15776 -3168 -10816
-1 2 -2 -1 13088 -14048 9952 -7616
-2 1 -1 -1 -4672 2048 14432 -14016
-2 2 -2 -2 13120 -14848 -14656 7168
-2 2 -2 -1 -5440 11840 -1408 -14176
1 2 -1 1 13120 -15552 14528 12160
2 -1 2 -2 -5568 -9216 -4608 -12736
-1 -1 1 2 13120 14784 11712 15136
2 -1 0 1 -5568 7648 1152 -10592
-2 -2 -2 2 13120 -16032 -10496 7200
1 -1 0 2 -5568 -8480 12992 -1248
-2 -1 1 1 13120 15328 -2976 10688
-2 -2 2 2 -5568 7872 6464 -9728
0 1 -1 1 13120 -16064 15360 -7648
1 -2 -2 2 -5568 -8512 -7392 14464
2 -1 0 -2 13120 15424 10912 -14464
2 -1 1 -1 -5568 7872 544 14848
-2 1 2 -1 13120 -16064 -10592 -10784
-1 2 2 2 -5056 -9024 13568 5408
-1 2 -1 2 13632 14912 -2400 -1024
2 2 2 2 -1984 4416 9984 1568
-2 -2 -2 -2 10432 15040 14720 16096
-2 -2 1 -1 -14080 -704 -15616 15808
-1 2 0 -2 9888 -10176 7392 11936
2 1 -1 2 -12032 8320 -6112 -2048
-2 -1 1 -1 10816 14624 15744 7584
-1 -1 -1 1 -11616 -2432 12960 -6016
-1 2 2 -2 10912 -11072 -8928 13472
2 1 1 -1 -11616 8288 5024 -8448
-2 -1 -2 2 10912 14592 16320 -11296
-2 -2 1 2 -11584 -2464 -13632 -15968
0 2 -1 2 10944 -11104 8256 -12896
2 2 -2 -2 -11584 8288 -5696 13344
-2 -1 -2 2 10944 14592 15808 -1248
-2 -2 1 -1 -12224 -1952 14656 6336
1 2 2 1 11456 -10464 -9152 -5632
2 2 1 2 -14912 11744 15168 6560
1 -1 2 2 15296 -16000 -14144 -15872
2 -2 1 2 -15424 -10016 2880 -14272
-1 1 -2 -2 15296 -12384 -15040 3488
2 1 -1 1 -15424 -13408 16128 3360
-1 -1 1 -2 15296 15776 -13984 16288
2 -2 -2 -1 -14016 -3168 640 7456
-1 2 2 -2 15296 -8928 -14528 -384
2 1 2 -2 -6848 -12992 8480 5312
-1 -1 2 -1 -15424 14208 -15104 11392
1 -1 1 -2 6720 -9440 -16224 -4768
-2 2 -2 -1 -12096 6272 -288 8384
2 1 -2 0 5312 9920 -15392 -9728
-1 -1 -1 1 -12992 11936 15648 -7712
1 -2 -2 -1 3008 15392 -13568 15136
1 2 -2 2 -13120 3104 2336 -13856
2 2 -1 2 -6080 6688 -15296 15104
2 -1 1 2 -16192 14784 10784 -13312
2 -1 2 0 -13568 -14208 -11776 2112
1 -1 2 1 15136 -11040 11168 -13920
2 -2 2 2 -10624 -15872 -15392 5088
2 0 0 1 9920 -14656 -9760 -14912
1 -2 -2 0 -12128 -10784 -13600 13408
-2 -2 2 2 10784 2784 -13600 -14272
-1 -1 2 2 -11488 -6432 10080 9440
2 -2 2 -2 10400 -15072 -14400 -15520
-2 1 -1 2 -11712 8160 -8128 15712
2 2 -2 -2 8000 -13440 -15552 13920
-1 2 -1 -1 -1216 15808 -2880 -13120
1 2 -1 -1 11840 -13984 10048 2240
-1 -1 1 -1 -13952 1504 14528 -11584
-1 2 2 -1 9504 -15264 -14592 -6912
-1 1 2 -1 -15616 8352 -1344 -15008
-2 -2 -1 1 12992 14688 14528 15680
-2 -2 1 -2 -3936 -1408 -4608 -352
-2 -2 2 2 13088 -10944 11712 13728
2 -2 -2 2 -5472 8352 1152 -5600
-1 -2 -2 2 13088 14656 -10496 12832
2 1 -2 1 -5568 -2400 12992 -4480
-1 -2 1 2 13120 -11168 -2976 12192
2 -2 -2 1 -5568 8288 6464 1280
-2 2 -1 2 13120 14592 15360 -10208
2 2 -2 1 -5568 -2464 -7392 14176
-1 1 0 -1 13120 -11104 10912 -3840
2 -2 1 1 -5568 8288 544 13184
1 1 2 -2 13120 14592 -10592 -5184
2 1 2 -1 -5056 -1952 13568 12448
2 1 -1 -1 13632 -10464 -2400 -3936
2 2 2 -1 -1984 11744 9984 9888
-2 -2 -2 1 10432 15744 14720 15392
2 -2 1 2 -14080 -10272 -15616 -16192
-2 2 0 -2 9888 14624 7392 8256
2 1 -2 2 -12032 7584 -6112 -12480
-2 -1 1 -2 10816 -16096 15744 10432
-1 -2 -1 1 -11616 -8544 12960 -10560
-1 1 2 -1 10912 15392 -8928 10048
2 1 1 -2 -11616 7872 5024 -5056
-2 -1 -2 -2 10912 -16064 16320 16064
-1 -1 1 0 -11584 -8512 -13632 14016
-1 1 -1 2 10944 15424 8256 -9536
2 1 -2 -2 -11584 7872 -5696 11584
-2 -1 -2 1 10944 -16064 15808 -11072
-1 -2 1 -1 -12224 -9024 14656 9408
0 2 2 1 11456 14912 -9152 -11200
2 2 2 1 -14912 4416 15168 832
2 -1 2 2 15296 16192 -14144 15168
2 2 1 1 -15424 -448 2880 -4992
-2 1 -2 -2 15296 -4288 -15040 11232
2 2 -2 2 -15424 -7296 16128 1024
-2 -1 2 -2 15296 14944 -13984 -10560
2 -2 -2 2 -14016 1696 640 13088
-1 2 2 -2 15296 -2976 -14528 -3008
2 2 1 -2 -6848 -8736 8480 6432
-2 -2 -1 -1 -15424 13440 -15104 15328
2 -1 1 -2 6720 -3776 -16224 -7392
-1 2 -2 2 -12096 7584 -288 10912
2 2 -2 -1 5312 8640 -15392 544
-2 -2 -1 2 -12992 11968 15648 -10592
2 -2 -2 -2 2496 -10080 -14080 15232
2 2 -2 1 -13632 7040 1696 -2656
2 2 -1 2 -8192 9056 -15296 15360
1 -1 1 -2 15584 14912 12704 -14080
2 0 2 1 -2752 15648 -1024 1152
2 -2 1 0 13088 -1152 7712 -14624
2 -2 -2 -2 -6048 -15840 14624 4704
2 1 1 1 12608 -16288 -3008 -14944
1 -1 -2 -1 -5632 -11616 -6880 13920
-2 -2 2 2 12992 2272 -7072 -14560
-2 -2 2 1 -5504 -6688 9472 6592
1 0 2 -2 13056 -15648 15680 -15520
-2 2 -1 1 -5600 7840 -2240 15712
2 2 -2 -1 13088 -13504 -6560 13920
-1 2 -2 -2 -5568 15744 -7968 -13760
1 -1 -2 -2 13120 -13984 7968 1984
-2 2 1 0 -5568 992 15520 -14528
-1 1 2 2 13120 -14880 -6208 3712
-2 2 2 1 -5568 11808 8832 -15008
0 2 -1 0 13120 -15520 14592 13696
1 -1 1 -2 -5568 -9216 -15616 1344
-2 -2 1 2 13120 14784 7552 11232
2 -1 -1 2 -5568 7648 -5984 -15136
-2 -1 -2 2 13120 -16032 15680 6048
2 1 -1 1 -5568 -8480 12864 -3744
-2 -2 2 1 13120 15328 -8896 12608
2 -1 1 2 -5568 7872 5056 5248
-2 2 -1 2 13120 -16064 16320 15360
2 2 -1 2 -5568 -8512 -13632 10112
-2 2 -2 1 13120 15424 8256 -14656
-1 1 1 0 -5568 7872 -5696 13504
-1 0 1 -1 13120 -16064 15808 -3008
2 -1 -2 1 -5056 -9024 12480 13952
-2 1 2 2 13632 14912 -9408 -11392
-2 2 2 1 -1984 4416 1472 -128
-1 -2 2 0 10432 15040 15424 -15488
2 -2 1 2 -14080 -704 -4992 -13696
-2 2 -2 1 9888 -10176 11360 7904
-1 1 -2 1 -12032 8320 1024 -15488
-1 -1 1 -1 10816 14624 -10432 13248
2 -2 -2 1 -11616 -2432 13088 -2208
-1 1 2 1 10912 -11072 -3008 14688
2 2 2 1 -11616 8288 6432 -7008
-2 -1 2 2 10912 14592 15328 14912
-1 -2 1 2 -11584 -2464 -7392 9600
-1 2 -2 2 10944 -11104 10912 -2496
2 2 -2 -2 -11584 8288 544 13856
-2 -1 2 -2 10944 14592 -10592 -1568
-2 -2 -2 -2 -11584 -2464 15232 8576
1 2 1 1 11584 -10592 -2016 -13408
2 2 2 2 -11584 8288 15360 -352
1 -1 -2 1 14528 -15104 -11648 -16032
2 -2 1 1 -15424 -12704 -9472 -15008
-1 2 0 2 13632 -2912 -14624 11168
2 1 -1 1 -15424 -15584 -14304 4672
-2 -1 1 -1 14272 -16352 -9344 15008
2 -2 -1 1 -14016 -6560 -7520 12864
-1 2 2 -2 14016 -352 -14048 928
2 1 1 -1 -6848 -13120 9568 4064
-1 -1 -2 1 -11840 7872 -14176 13728
1 -1 2 -1 -3520 -608 -12288 -16352
-2 1 -1 2 -8512 3264 -8896 13024
1 1 -2 -1 -2752 11072 -14688 -4800
-1 -1 -1 2 -8576 9344 -15392 15072
2 -2 0 2 -5056 -7616 -9728 -15552
-2 1 1 -1 -9088 1760 -7200 -7744
-2 2 -1 -2 -15232 12128 -15040 14272
-2 -2 -2 -2 -14272 15808 10208 -10144
-1 0 -2 2 -7360 15328 -512 -7616
-2 -2 -1 0 11328 -96 8160 -13888
-1 -2 -2 1 -12224 -15232 15456 7936
-2 -1 -1 1 10944 15552 -2816 -14048
-2 1 -1 0 -14336 -9056 -4000 13696
-1 -2 1 1 15360 -8544 -15712 -14272
-2 2 -2 1 -10560 -6816 8704 1056
0 -1 -1 1 9536 -13536 -16160 -15456
-2 1 -2 2 -12352 8704 -1504 -15520
0 1 -2 -2 7360 -12928 -3040 14400
-2 2 -1 -2 -1344 15776 16192 -10624
-1 -2 -2 -2 8896 -11104 10080 -8512
-2 1 -1 -1 -3584 -9088 13952 -14496
-2 2 -1 1 10400 -15232 -6784 6304
-2 1 2 -2 -15616 10048 8736 -14144
-1 2 0 -1 12992 15488 15072 14112
2 -1 2 -2 -4192 -896 -15520 1600
-2 -2 1 2 13088 -10688 7520 11296
1 -1 -1 1 -5472 8416 -6016 -15072
-1 -2 -1 1 13088 14720 15680 6112
-2 -2 -2 -2 -5568 -2336 12864 -3680
-2 -1 1 1 13120 -11104 -8896 12608
2 -2 2 1 -5568 8288 5056 5248
-1 1 -1 2 13120 14592 16320 15360
2 -2 0 1 -5568 -2464 -13632 10112
-1 -2 1 -1 13120 -11104 8256 -14656
2 -2 2 -2 -5568 8288 -5696 13504
-2 -2 1 -1 13120 14592 15808 -3008
1 -1 -2 2 -5056 -1952 12480 13952
2 1 2 2 13632 -10464 -9408 -11392
2 2 2 1 -1984 11744 1472 -128
-2 -1 2 0 10432 15744 15424 -15488
2 -2 1 1 -14080 -10272 -4992 -13696
-2 2 -2 1 9888 14624 11360 7904
2 1 -1 1 -12032 7584 1024 -15488
-2 -1 1 -2 10816 -16096 -10432 13248
-2 -1 -2 1 -11616 -8544 13088 -2208
-1 1 2 1 10912 15392 -3008 14688
2 1 2 1 -11616 7872 6432 -7008
-2 -1 2 2 10912 -16064 15328 14912
-1 -1 1 2 -11584 -8512 -7392 9600
-1 2 -2 2 10944 15424 10912 -2496
2 1 -2 -2 -11584 7872 544 13856
-2 -1 2 -2 10944 -16064 -10592 -1568
-1 -2 -2 -2 -11584 -8512 15232 8576
0 2 1 1 11584 14912 -2016 -13408
2 1 2 2 -11584 7872 15360 -352
1 -1 -2 2 14528 14272 -11648 -16032
2 2 1 1 -15424 1856 -9472 -15008
-2 1 0 1 13632 -14144 -14624 11168
2 1 -1 1 -15424 -5184 -14304 4672
-1 -2 1 -1 14272 11904 -9344 15008
2 -2 -1 1 -14016 3264 -7520 12864
-1 2 2 -2 14016 -12544 -14048 928
2 1 1 -1 -6848 -9344 9568 4064
-1 -1 -2 1 -11840 -16320 -14176 13728
1 -1 2 -1 -3520 -13120 -12288 -16352
-2 1 -1 2 -8512 11200 -8896 13024
1 1 -2 -1 -2752 6592 -14688 -4800
-2 -2 -1 2 -8576 14272 -15392 15072
1 -2 0 2 -5056 14912 -9728 -15552
-1 1 2 -1 -9600 10016 -6688 -8384
2 1 -1 -1 -15232 7424 -15040 14272
2 0 -2 -1 16320 14912 13664 -12448
2 -1 -1 2 2880 -13664 -10752 3008
2 -1 -1 1 8896 -11008 11616 -11456
2 2 -2 2 -4416 -15840 14880 -6336
1 0 -1 1 7040 -14624 672 -15296
1 -1 -2 0 -6144 -10784 -12640 -16000
-2 -2 1 1 13440 4448 -15776 -13152
-2 -1 -2 1 -4992 -6432 9216 10496
0 -1 -2 2 14848 -13472 15616 -15168
-2 1 -1 2 -15488 -3136 2368 15776
0 1 -2 -2 13056 -13632 -11744 11424
-2 1 -1 -1 -4672 -15424 -15968 -13024
-1 1 -2 -1 13632 -12672 7136 3360
-2 2 -1 -2 -5440 1728 -16224 -11072
-1 1 -2 -2 14912 -14784 16320 -7360
-2 1 -2 -1 -15424 6592 5376 -15424
1 -2 -2 1 13120 -15584 14720 11904
2 -2 2 -1 -4672 -8128 -7168 1440
-2 -2 2 -1 13120 15232 10880 13312
2 -2 0 -2 -5440 7904 576 16192
-1 -2 -2 -2 13120 -16032 -10688 14304
2 2 -2 -1 -5568 -8480 12928 -10208
-2 -2 2 1 13120 15328 -3040 6176
-2 -2 1 2 -5568 7872 6400 4192
-2 0 0 2 13120 -16064 15296 -16000
2 -1 -2 2 -5568 -8512 -7392 8448
-2 -2 -1 -1 13120 15424 10912 -1216
-1 -2 2 1 -5568 7872 544 11968
-1 1 1 -2 13120 -16064 -10592 -16000
-1 2 1 -1 -5056 -9024 13568 14048
-1 1 1 -2 13632 14912 -2400 -10816
2 2 1 1 -1984 4416 9984 2688
-2 -2 -2 0 10432 15040 14720 12384
-2 -1 2 2 -14080 -704 -15616 -7200
0 1 -1 1 9888 -10176 7392 13888
2 1 -2 2 -12032 8320 -6112 -15136
-2 -1 1 -1 10816 14624 15744 12736
-1 -2 -1 2 -11616 -2432 12960 -544
-1 2 2 0 10912 -11072 -8928 7008
2 1 1 -2 -11616 8288 5024 -352
-2 -1 -2 2 10912 14592 16320 -6976
-1 -1 2 -1 -11584 -2464 -13632 9920
-1 1 -1 1 10944 -11104 8256 -5536
2 2 -2 1 -11584 8288 -5696 14528
-2 -2 -2 1 10944 14592 15808 -14752
-1 -2 0 -1 -12224 -1952 14656 12416
0 2 2 1 11456 -10464 -9152 -288
2 2 1 1 -14912 11744 15168 3712
1 -1 2 -1 15296 -16000 -14144 13632
2 -2 1 1 -15424 -10016 2880 -16320
-2 1 -2 2 15296 -12384 -15040 12960
2 1 -1 2 -15424 -13408 16128 -4736
-1 -1 2 -1 15296 15776 -13984 15008
2 -1 -2 2 -14016 -3168 640 15936
-1 1 2 -1 15296 -8928 -14528 -8128
2 1 2 -2 -6848 -12992 8480 1216
-1 -1 2 2 -15424 14208 -15104 -15392
1 -1 1 -2 6720 -9440 -16224 -12032
-1 1 -2 -1 -12096 6272 -288 4832
2 1 -2 -2 5312 9920 -15392 3840
-2 -1 -1 2 -12992 11936 15648 -16192
2 -2 -2 0 3008 15392 -13568 9184
2 1 -2 1 -13120 3104 2336 544
2 1 -1 1 -5440 6048 -15296 15200
2 -2 1 2 -16192 14784 10912 -11232
2 -2 2 2 -11264 16128 -9472 -8480
1 -2 2 -2 10784 -160 6432 -14656
2 -2 2 -1 -14464 -15872 13536 7488
1 0 0 -2 15168 15104 1504 -14144
1 -2 -1 -1 -10592 -12032 -12192 14560
-2 -2 1 0 10016 3104 -15904 -14304
-2 -1 2 -2 -12128 -6816 8736 512
2 -2 2 -2 10784 16256 -14400 -15456
-2 1 -1 2 -11584 7392 -8128 -16160
2 2 -1 0 10432 -13088 -13184 11328
-1 2 -1 -2 -11712 15584 -13440 -13568
